ROC AUC scores: [0.7851805728518058, 0.7362068965517241, 0.8258620689655172, 0.6201149425287356, 0.710919540229885, 0.8218390804597702, 0.6247126436781609, 0.7172413793103448, 0.6877742946708464, 0.8363636363636364], mean: 0.7366215055610427
F1 scores: [0.16296296296296298, 0.17647058823529413, 0.16216216216216217, 0.16129032258064516, 0.16176470588235295, 0.16783216783216784, 0.16393442622950818, 0.18181818181818182, 0.16296296296296298, 0.18032786885245902], mean: 0.16815263495186972
Precision scores: [0.08870967741935484, 0.0967741935483871, 0.08823529411764706, 0.08928571428571429, 0.08870967741935484, 0.0916030534351145, 0.09090909090909091, 0.1, 0.08870967741935484, 0.0990990990990991], mean: 0.09220354776531174
Recall scores: [1.0, 1.0, 1.0, 0.8333333333333334, 0.9166666666666666, 1.0, 0.8333333333333334, 1.0, 1.0, 1.0], mean: 0.9583333333333334
Accuracy scores: [0.2802547770700637, 0.28662420382165604, 0.21019108280254778, 0.3375796178343949, 0.27388535031847133, 0.24203821656050956, 0.3503184713375796, 0.31210191082802546, 0.27564102564102566, 0.358974358974359], mean: 0.2927609015188633

best_params:{
'grid': 4,
 'k': 4,
 'lr': 0.036488077392382134,
 'steps': 18,
 'weight_major': 0.15978604885702974,
 'weight_minor': 1.8095046980549934}